---
image_width: 1920
image_height: 1200
camera_name: Basler_40196703
camera_matrix:
  rows: 3
  cols: 3
  data:
    - 1665.4416700802249
    - 0.0
    - 1057.3903241824016
    - 0.0
    - 1677.0152532882612
    - 652.0735463869422
    - 0.0
    - 0.0
    - 1.0
distortion_model: plumb_bob
distortion_coefficients:
  rows: 1
  cols: 5
  data:
    - -0.3493452799464367
    - 0.13505994746489033
    - -0.0019415956613416392
    - -0.006360179294801661
    - 0.0
rectification_matrix:
  rows: 3
  cols: 3
  data:
    - 1.0
    - 0.0
    - 0.0
    - 0.0
    - 1.0
    - 0.0
    - 0.0
    - 0.0
    - 1.0
projection_matrix:
  rows: 3
  cols: 4
  data:
    - 1665.4416700802249
    - 0.0
    - 1057.3903241824016
    - 0.0
    - 0.0
    - 1677.0152532882612
    - 652.0735463869422
    - 0.0
    - 0.0
    - 0.0
    - 1.0
    - 0.0
